7.476871027103022698e+02 3.772065359038522274e+02 1.000000000000000000e+00
-7.100127721516061001e+02 -3.503762215179744999e+01 1.000000000000000000e+00
9.527497511411338564e+02 -8.840463027314924602e+02 1.000000000000000000e+00
-8.606131726255721333e+02 -3.275257053402365273e+02 1.000000000000000000e+00
3.908341833764277453e+02 -1.998305612647142198e+02 0.000000000000000000e+00
-5.787696402521005439e+02 2.075007240038266900e+02 0.000000000000000000e+00
4.305684992834919740e+02 -7.983114598609877248e+02 1.000000000000000000e+00
-2.171450675907847199e+02 6.754839054955948541e+02 1.000000000000000000e+00
-7.440522569683307665e+02 6.589104285025230183e+02 1.000000000000000000e+00
6.036097130378709608e+02 9.447859074868138123e+02 1.000000000000000000e+00
7.429186792988230081e+01 -1.929396470834951742e+02 0.000000000000000000e+00
-5.720753674206082451e+01 2.552807333632561040e+02 0.000000000000000000e+00
7.928519072457768289e+02 7.762790236042701508e+01 1.000000000000000000e+00
-5.005629985309041103e+02 -5.877116026761682406e+02 1.000000000000000000e+00
-3.414094398200621754e+02 -8.026303254732704318e+01 0.000000000000000000e+00
1.445415806071300722e+02 -4.731908996861300238e+02 0.000000000000000000e+00
-4.941714132595164983e+02 6.423964335043035589e+02 1.000000000000000000e+00
4.972962521929591730e+02 -8.630285853287584814e+02 1.000000000000000000e+00
1.872599688378859355e+02 -7.952285631526026464e+02 1.000000000000000000e+00
-1.519812778808810663e+02 -7.804155199243596144e+02 1.000000000000000000e+00
8.088587785223237461e+02 5.828097834261438948e+02 1.000000000000000000e+00
5.710495094139123466e+02 -4.858495012300228382e+02 0.000000000000000000e+00
1.214854249392624297e+02 -4.722852169860423146e+02 0.000000000000000000e+00
7.664685555019702861e+02 -5.880262914975905915e+02 0.000000000000000000e+00
-7.970382784727507897e+02 -7.975402422600177488e+01 1.000000000000000000e+00
-1.981657591353247199e+02 -7.438797209866163485e+02 1.000000000000000000e+00
3.594026140560617932e+01 7.311702533809013858e+02 1.000000000000000000e+00
-3.931326455140555254e+02 7.200049982682271548e+02 1.000000000000000000e+00
8.852714216707699961e+02 -8.985466088492864856e+01 1.000000000000000000e+00
1.437754229635697811e+01 -3.530724789608434548e+02 0.000000000000000000e+00
3.872747666440795911e+01 6.868012563711856728e+02 1.000000000000000000e+00
6.368657688555158529e+02 2.095345661337491947e+02 1.000000000000000000e+00
9.996801629770302497e+02 -9.776900903940908165e+02 1.000000000000000000e+00
2.453863106528820026e+02 2.451124162625992540e+02 0.000000000000000000e+00
6.059304964153029687e+02 -8.507808952445266186e+02 1.000000000000000000e+00
2.420682722391211428e+02 -6.577295242743796280e+02 1.000000000000000000e+00
1.851723087003622368e+02 -4.591658522286747939e+02 0.000000000000000000e+00
-6.180631544413929532e+02 -4.485062306923331334e+02 1.000000000000000000e+00
-2.600426149572933809e+02 6.249200529456127242e+02 1.000000000000000000e+00
8.513143959053168146e+02 -2.940386953947916027e+01 1.000000000000000000e+00
-3.590613937013999930e+02 4.607110183595159469e+02 0.000000000000000000e+00
1.460124484640377887e+02 -6.329782145524886801e+02 1.000000000000000000e+00
-7.378272470111510302e+02 8.336924362393654064e+02 1.000000000000000000e+00
-2.108081598039091205e+02 -8.509674212192857112e+02 1.000000000000000000e+00
1.885765984174727237e+02 5.769790431640924453e+02 1.000000000000000000e+00
-7.490398699657635007e+02 -4.837463903258793607e+02 1.000000000000000000e+00
-3.954969369141796278e+02 2.573488484305532893e+02 0.000000000000000000e+00
4.721495903999550592e+02 3.016683516762263935e+02 1.000000000000000000e+00
-1.699618344216413561e+02 2.324984609369284954e+02 0.000000000000000000e+00
3.877781788452434739e+02 -1.238287346119577705e+02 0.000000000000000000e+00
4.819574631517300531e+02 -8.843294761667716557e+02 1.000000000000000000e+00
-4.070364171701586429e+02 5.693431819545394319e+02 0.000000000000000000e+00
-6.638251699018975387e+02 7.053042984967823941e+02 1.000000000000000000e+00
-7.005314449095995997e+02 -6.599457049492957594e+01 1.000000000000000000e+00
-1.668279772176592815e+02 7.101641901300235986e+02 1.000000000000000000e+00
-9.425782053281559456e+02 -2.028971785630642444e+02 1.000000000000000000e+00
1.493025565203954557e+02 1.009270901996835619e+02 0.000000000000000000e+00
-2.167930884200987975e+02 -5.355433357626661746e+02 1.000000000000000000e+00
-6.656230764033867899e+02 -1.589432513873742892e+02 1.000000000000000000e+00
-1.023841952652546752e+02 -8.524229532474065536e+02 1.000000000000000000e+00
2.245402593086885190e+02 -4.270042563260976749e+02 0.000000000000000000e+00
4.674065233293210895e+02 -6.741138111620965674e+02 1.000000000000000000e+00
-1.299371575348577608e+02 -4.730203806410150946e+02 1.000000000000000000e+00
9.852293621148937746e+02 -7.362417574240309932e+02 1.000000000000000000e+00
-9.419633374666669852e+02 5.317169494678068986e+02 1.000000000000000000e+00
-3.817355703643144125e+02 2.185297477801102559e+02 0.000000000000000000e+00
-4.325554339120947134e+02 -7.189261975099811934e+02 1.000000000000000000e+00
2.072372641971421672e+02 -5.659379625661902082e+02 1.000000000000000000e+00
1.302865061570093985e+02 -5.409521677524502365e+02 1.000000000000000000e+00
-1.530844725359917220e+02 1.093517061924103473e+02 0.000000000000000000e+00
-5.908025091334270655e+02 -1.246650245187539667e+02 1.000000000000000000e+00
1.183997546657346902e+02 7.384641623948641609e+01 0.000000000000000000e+00
2.073080586948451582e+02 -5.264177940502665933e+02 0.000000000000000000e+00
-2.711753590291743876e+01 -5.289579887284452298e+02 1.000000000000000000e+00
2.099624091440266511e+02 -8.989971617227945444e+02 1.000000000000000000e+00
-3.807147247551873761e+02 7.526258221823395616e+02 1.000000000000000000e+00
1.313149266234522656e+02 4.809872763745684097e+02 1.000000000000000000e+00
-6.673597030390736791e+02 -4.704361042493987952e+02 1.000000000000000000e+00
-7.180109028486208445e+02 4.754663413411462898e+02 0.000000000000000000e+00
-7.644397187210736320e+02 -1.090647613497870907e+02 1.000000000000000000e+00
-6.996264875864195574e+02 3.416194874463321867e+02 0.000000000000000000e+00
-1.377312482904710578e+01 -7.758283246338924073e+02 1.000000000000000000e+00
-5.496032415365698398e+02 5.048468750248430297e+02 0.000000000000000000e+00
-9.920588713845223765e+02 -5.537815821767562738e+02 1.000000000000000000e+00
-8.937751748481755385e+02 9.235525768029774554e+02 1.000000000000000000e+00
2.041685958545269841e+02 8.774694649224129535e+02 1.000000000000000000e+00
-6.661936296279759517e+02 7.403368172222042176e+02 1.000000000000000000e+00
-1.276442677279350164e+02 -9.057838968349415154e+01 0.000000000000000000e+00
-8.025923959626703663e+02 -5.309381922708198545e+02 1.000000000000000000e+00
-4.124263876027307560e+02 -7.424727595126619235e+02 1.000000000000000000e+00
-8.258623896696717566e+02 -5.009052228179223221e+01 1.000000000000000000e+00
6.606486862855160780e+02 5.955038815126915779e+02 1.000000000000000000e+00
-6.373651922454071155e+02 3.661155048991631702e+02 0.000000000000000000e+00
-1.274511362545717930e+02 9.190596844905865055e+02 1.000000000000000000e+00
4.550108530476491069e+02 -7.141413375438530693e+02 1.000000000000000000e+00
1.217048366671731401e+02 -6.131388008611602345e+02 1.000000000000000000e+00
-7.635117175652158039e+02 4.966790516729802221e+02 0.000000000000000000e+00
1.397016226845964866e+02 -6.909864438774936843e+02 1.000000000000000000e+00
-4.405059041329242291e+02 7.648536526131410938e+02 1.000000000000000000e+00
-3.655574716541185580e+02 -7.968135526817179652e+02 1.000000000000000000e+00
3.591235985109874491e+02 -3.564637313466325850e+02 0.000000000000000000e+00
8.391479593289736840e+02 -6.318366126364634283e+02 1.000000000000000000e+00
-8.599147156469298352e+02 1.340986298177931531e+02 1.000000000000000000e+00
-9.374060356498113151e+02 -5.118891723916616456e+02 1.000000000000000000e+00
6.936094597875703585e+02 -8.920369802666421037e+02 1.000000000000000000e+00
6.462930398161222456e+02 -1.564251072271083558e+02 0.000000000000000000e+00
-6.789478898778573921e+02 -8.027391232913638532e+02 1.000000000000000000e+00
-4.787469180823982242e+02 -1.187240967679043706e+02 0.000000000000000000e+00
-1.691121948207718333e+02 2.269233429430200886e+02 0.000000000000000000e+00
6.192124531699239469e+02 -7.688884724984890227e+02 1.000000000000000000e+00
-2.706711641380605897e+02 1.091003027857275356e+02 0.000000000000000000e+00
-3.184023329978771244e+02 5.008177923969903986e+02 0.000000000000000000e+00
5.135175561789806125e+02 4.986315650382557578e+02 1.000000000000000000e+00
8.713609438866894834e+02 2.369972979869066876e+02 1.000000000000000000e+00
-2.314596403831257021e+02 -1.154471193077124553e+02 0.000000000000000000e+00
6.831988746574488687e+02 4.603427229031765364e+02 1.000000000000000000e+00
-6.764633768124772359e+02 -2.218796899088297323e+02 1.000000000000000000e+00
9.040886254109022957e+01 -3.667405584335867843e+02 0.000000000000000000e+00
-1.275200487377333047e+00 -4.369314060023474440e+02 0.000000000000000000e+00
-3.246358365011878959e+02 3.911771964345894048e+02 0.000000000000000000e+00
-3.427204919564530883e+02 -9.160302563319385172e+01 0.000000000000000000e+00
7.922626615504630081e+02 6.751445361777693961e+02 1.000000000000000000e+00
8.223076959934273873e+02 -4.663928419886760821e+02 0.000000000000000000e+00
-7.524224604285187752e+02 -3.875339541674685506e+02 1.000000000000000000e+00
-5.849649393285496899e+02 4.307388665697785655e+02 0.000000000000000000e+00
-3.319894770605567373e+02 -7.531045722680933068e+02 1.000000000000000000e+00
-9.350761232187012411e+02 6.538134972074428788e+02 1.000000000000000000e+00
-7.145459521094451247e+02 4.099193406419726671e+01 1.000000000000000000e+00
9.004950922250716303e+02 -4.797493246157364410e+01 1.000000000000000000e+00
-7.235462503749502048e+02 -8.175428029595373118e+02 1.000000000000000000e+00
1.444254921742990518e+02 -3.877143354298635813e+02 0.000000000000000000e+00
-3.432375907469171352e+02 -8.342704515794305280e+02 1.000000000000000000e+00
4.851771346885452658e+02 -5.375136323732881465e+02 0.000000000000000000e+00
3.326228587474586220e+02 8.112015145347047564e+02 1.000000000000000000e+00
8.333370870960134198e+02 -4.640635749715881957e+02 0.000000000000000000e+00
1.799696647544465122e+00 -2.037854262744232301e+02 0.000000000000000000e+00
2.288534350752613591e+02 -8.881976217048118087e+02 1.000000000000000000e+00
-4.015236005111469240e+02 -3.404772808928786390e+02 1.000000000000000000e+00
2.156394059350047883e+02 -4.502166730182239007e+01 0.000000000000000000e+00
-3.743998908470798597e+02 -3.158866879033062105e+02 1.000000000000000000e+00
6.651752353616027449e+02 -4.316424514971020017e+02 0.000000000000000000e+00
5.048122283247073483e+02 -6.724607371030708691e+01 0.000000000000000000e+00
-6.582692675546852570e+02 -1.395491946943454877e+02 1.000000000000000000e+00
-1.076074025319824159e+02 7.959889331348022097e+02 1.000000000000000000e+00
-7.344201044077356073e+02 -8.501405086887416473e+02 1.000000000000000000e+00
6.113902097968775706e+01 3.253433667639112628e+02 0.000000000000000000e+00
4.946468259709474751e+02 7.403620026205537670e+02 1.000000000000000000e+00
3.673178379470839445e+02 -1.993808062450823400e+02 0.000000000000000000e+00
7.816132638327890163e+02 9.448616930912071439e+02 1.000000000000000000e+00
4.526593958123185075e+02 -6.484486099615116927e+01 0.000000000000000000e+00
-7.603813044718822312e+01 7.368617696740407155e+02 1.000000000000000000e+00
8.574509424387952095e+02 3.682534803999467385e+02 1.000000000000000000e+00
-3.628404597404812648e+01 4.905392156479213099e+02 1.000000000000000000e+00
-5.744052498317298614e+02 6.500573965127291558e+02 1.000000000000000000e+00
8.094274660139330990e+02 -4.788667559278241015e+02 0.000000000000000000e+00
8.365722995344897299e+02 7.906742544032888418e+02 1.000000000000000000e+00
6.234221823566176681e+02 -2.306330597386498766e+02 0.000000000000000000e+00
4.900885106515170264e+02 -5.690678403504942935e+02 0.000000000000000000e+00
-6.857029653511708602e+02 -1.773821420157186139e+02 1.000000000000000000e+00
-6.750761923540222824e+02 -3.923363981463154460e+02 1.000000000000000000e+00
-3.171757786211181838e+02 4.631821226368622320e+02 0.000000000000000000e+00
-7.101578865020165949e+02 3.932770509963456789e+02 0.000000000000000000e+00
-6.959876698722932815e+02 -4.187954531683808455e+02 1.000000000000000000e+00
5.596292749620192808e+01 -8.483808047354330029e+01 0.000000000000000000e+00
2.886119265695049307e+02 6.225774499848309915e+02 1.000000000000000000e+00
-8.860394217881116674e+01 -9.702538696681206147e+02 1.000000000000000000e+00
8.101237201657522746e+02 9.171452442733448152e+02 1.000000000000000000e+00
-5.115425353057048596e+01 7.993672802373032482e+02 1.000000000000000000e+00
3.367076495817946125e+02 -6.272556534604698300e+02 1.000000000000000000e+00
3.663858217310362306e+02 -7.503764291559093635e+02 1.000000000000000000e+00
9.738376244350783963e+02 -9.581325770544322040e+02 1.000000000000000000e+00
3.963735178634533440e+01 -2.882480118337817885e+02 0.000000000000000000e+00
1.178129048866612720e+02 -2.900544372777935678e+02 0.000000000000000000e+00
1.991923563400969215e+02 5.632289181585315418e+02 1.000000000000000000e+00
-6.267718109429875994e+02 -4.967781135863509121e+02 1.000000000000000000e+00
-5.219118676701732511e+02 9.447197657557337607e+02 1.000000000000000000e+00
8.169545109249245343e+02 -4.846753632933603058e+02 0.000000000000000000e+00
4.420600847905964201e+02 -6.186501451847303770e+02 1.000000000000000000e+00
-4.511267294960774734e+02 -2.890993361167099920e+02 1.000000000000000000e+00
-9.006090055140365394e+02 -2.485435462742414074e+02 1.000000000000000000e+00
4.368107403461954164e+02 7.262088271150598757e+02 1.000000000000000000e+00
-4.347232973748707536e+02 -4.268078986093712501e+01 0.000000000000000000e+00
3.295250403821980854e+02 9.131934442218855565e+02 1.000000000000000000e+00
7.729702944837445102e+02 7.425617177738145074e+02 1.000000000000000000e+00
-4.957069089767953756e+02 -8.904860680889407831e+02 1.000000000000000000e+00
4.189520928735269081e+02 4.139410880819539216e+02 1.000000000000000000e+00
-1.193735556507593856e+02 3.554880474554411194e+02 0.000000000000000000e+00
9.820257893011541910e+02 3.110401207770978544e+02 1.000000000000000000e+00
8.258664765304765751e+02 8.490723810114247954e+02 1.000000000000000000e+00
6.455875783276783295e+02 8.828690936986840825e+02 1.000000000000000000e+00
-8.744677098939788493e+02 -1.586300502524344438e+02 1.000000000000000000e+00
-9.828908742014112931e+02 5.286395844446064984e+01 1.000000000000000000e+00
1.774402462473065043e+02 -9.768725066243024457e+02 1.000000000000000000e+00
3.069390555249110548e+02 6.132867035057731755e+02 1.000000000000000000e+00
-2.971983683250167587e+02 8.142903052595695499e+02 1.000000000000000000e+00
4.125313281376845680e+02 -8.337281409609909133e+02 1.000000000000000000e+00
8.633898573851679430e+02 -3.629969676884006731e+02 0.000000000000000000e+00
-1.442262602418837787e+02 -2.064770303702978254e+02 0.000000000000000000e+00
2.450998403396081358e+02 7.295683189769224555e+02 1.000000000000000000e+00
-3.452123426164371267e+02 -3.766471822027874623e+02 1.000000000000000000e+00
9.985945831452681887e+02 5.804213743963221077e+02 1.000000000000000000e+00
-7.251997513106816768e+02 -3.473539153349964863e+02 1.000000000000000000e+00
5.368381498621349692e+02 -4.251726013280512007e+02 0.000000000000000000e+00
-4.143223613017055413e+02 1.818183422089771284e+02 0.000000000000000000e+00
9.263991092425249008e+01 7.042971561397480400e+02 1.000000000000000000e+00
-2.915380513926271533e+02 -6.308592607485004464e+02 1.000000000000000000e+00
-9.111139538992030111e+02 1.399959910969175780e+01 1.000000000000000000e+00
-5.716429026044017974e+02 -1.563774918643832734e+01 0.000000000000000000e+00
-3.960111250521875945e+02 9.279120474820831532e+02 1.000000000000000000e+00
8.792484629936257079e+01 3.998663405518279887e+02 0.000000000000000000e+00
6.774208454332463134e+02 -8.971294490436630440e+02 1.000000000000000000e+00
4.414047078369462724e+02 4.127054581535719535e+02 1.000000000000000000e+00
-7.130119787669837024e+02 -1.305288457178188537e+02 1.000000000000000000e+00
1.075213778440152055e+02 -5.098724566220433871e+02 1.000000000000000000e+00
-4.240889515207691147e+02 -9.808632313566067751e+02 1.000000000000000000e+00
-6.945994861014188473e+02 -2.885964479361996382e+01 1.000000000000000000e+00
-8.699977285455433957e+02 2.152461287780527073e+02 1.000000000000000000e+00
-3.211813154972213624e+02 6.870416783233829392e+02 1.000000000000000000e+00
-8.286462768088400708e+02 -2.647382672227034845e+02 1.000000000000000000e+00
-1.475182361694535302e+02 3.532018436791122440e+02 0.000000000000000000e+00
-9.148228681923143313e+02 -7.045504797469428695e+02 1.000000000000000000e+00
8.042665997124747719e+02 -9.497075849657088611e+02 1.000000000000000000e+00
-7.029642974875814616e+02 -8.666210342247085237e+02 1.000000000000000000e+00
2.241579373412596397e+02 5.461218652461320744e+02 1.000000000000000000e+00
-1.547390526059795093e+02 7.942679363549216305e+02 1.000000000000000000e+00
-6.083281524988528872e+02 -7.707518661934377633e+02 1.000000000000000000e+00
5.842218212013331140e+02 -1.640385930557830534e+02 0.000000000000000000e+00
4.199537621897852659e+02 -1.941259179880905776e+02 0.000000000000000000e+00
-4.008280727238511645e+02 6.120111269808462566e+02 1.000000000000000000e+00
7.465955825324579109e+02 9.949625046528815346e+02 1.000000000000000000e+00
3.969533655065145012e+02 9.726931306162512101e+02 1.000000000000000000e+00
6.551484288330348136e+02 -2.254857283468413698e+01 1.000000000000000000e+00
6.770491201285062743e+02 5.007379340599038642e+02 1.000000000000000000e+00
-6.064903087553323076e+02 -5.420786884256860958e+02 1.000000000000000000e+00
6.367236978731773434e+02 3.283484359375315762e+02 1.000000000000000000e+00
-7.166484413849409520e+02 1.282748353490710542e+02 0.000000000000000000e+00
1.871808441644188861e+02 -5.555651837734121727e+02 1.000000000000000000e+00
-1.999679212704484144e+02 -7.368145339412976682e+02 1.000000000000000000e+00
-8.708083678582572702e+02 3.169238947845399252e+02 1.000000000000000000e+00
-9.626551796230138507e+02 -9.443964497593957503e+02 1.000000000000000000e+00
2.829647561246165424e+02 2.750274974240321626e+02 0.000000000000000000e+00
5.067656024781081214e+02 -4.632267300050905305e+02 0.000000000000000000e+00
-2.746876248760079307e+02 -2.288227769245847867e+02 0.000000000000000000e+00
4.969819384494603582e+02 9.196594321925385884e+01 0.000000000000000000e+00
-1.773735671633452284e+02 9.714359080450676629e+02 1.000000000000000000e+00
3.417995680914859804e+02 3.037199087966966999e+02 1.000000000000000000e+00
-8.659259689933526261e+01 -5.220375139036141263e+02 1.000000000000000000e+00
6.413487577836006039e+02 2.095815051789270456e+02 1.000000000000000000e+00
-8.561907147726799394e+02 1.856168601599972590e+02 1.000000000000000000e+00
-9.624658638174206544e+02 -2.685885990548124482e+02 1.000000000000000000e+00
-7.689408802066113822e+02 -5.353194241868361587e+02 1.000000000000000000e+00
5.236491438683474371e+02 -7.827752011477533642e+02 1.000000000000000000e+00
2.835102520635075507e+02 -7.831430097670481700e+02 1.000000000000000000e+00
2.561134263743515476e+02 9.164221228360636360e+02 1.000000000000000000e+00
-7.516141594197107452e+02 -2.960141424906717020e+02 1.000000000000000000e+00
-2.183524903641603032e+02 -5.767543801868632727e+02 1.000000000000000000e+00
-1.054240305507312314e+02 6.656718989275343574e+02 1.000000000000000000e+00
5.295086657641320471e+02 -5.772324174041183369e+02 0.000000000000000000e+00
-7.073753057809894926e+02 -9.137340222099235234e+02 1.000000000000000000e+00
5.472531860738183696e+02 3.319337860980404002e+02 1.000000000000000000e+00
-4.593981480756133351e+01 2.838932594484458605e+01 0.000000000000000000e+00
-9.450329254068730052e+02 -3.081738356313163649e+02 1.000000000000000000e+00
9.039827738131773458e+02 -6.962344775272089237e+02 1.000000000000000000e+00
6.109694407218166816e+02 7.607369310526305526e+02 1.000000000000000000e+00
3.081599421079488366e+02 -9.610940620057403976e+02 1.000000000000000000e+00
7.565716306437225285e+02 -3.548198028150484333e+02 0.000000000000000000e+00
-4.573087085881419398e+02 2.450472595246233141e+02 0.000000000000000000e+00
-4.848127393601557742e+02 7.797713777290700818e+02 1.000000000000000000e+00
-6.116493669725509790e+02 -2.724126599236129778e+02 1.000000000000000000e+00
2.758629655125382669e+02 2.615352353471553215e+01 0.000000000000000000e+00
2.120468821664198913e+02 -5.917676867513425805e+02 1.000000000000000000e+00
1.292675842215940065e+02 2.845961840753050183e+02 0.000000000000000000e+00
-3.464890192469842987e+02 -7.781871306941657167e+02 1.000000000000000000e+00
-6.336672540399181344e+02 2.879409778572610321e+02 0.000000000000000000e+00
-5.524832724479100534e+02 1.516979176955965158e+02 0.000000000000000000e+00
-9.705833657938546821e+02 -6.377286603096085855e+02 1.000000000000000000e+00
8.894594713253768532e+02 -4.569031447131128516e+02 1.000000000000000000e+00
-9.703890017995842072e+02 3.677054864754777554e+02 1.000000000000000000e+00
1.205264188930734690e+02 4.732679153235380909e+01 0.000000000000000000e+00
-5.868304586044941971e+02 -1.823622106588250062e+02 1.000000000000000000e+00
-3.896367899294818926e+01 -4.261868526402272437e+02 0.000000000000000000e+00
-1.152295786603167471e+02 -7.482178710663990842e+02 1.000000000000000000e+00
6.433079570525756026e+02 -2.934295004152604633e+02 0.000000000000000000e+00
-3.414890495606122158e+02 2.164156489620208959e+02 0.000000000000000000e+00
8.450633398864461014e+02 4.611736424603514024e+02 1.000000000000000000e+00
-1.593176833496195286e+02 8.065056500669952584e+02 1.000000000000000000e+00
7.427539947893435510e+02 -6.413430885931243211e+02 1.000000000000000000e+00
-2.222558745620358422e+01 4.914555441801708184e+02 1.000000000000000000e+00
-4.176421005795009478e+01 6.219033695326702400e+02 1.000000000000000000e+00
3.840813154473382838e+02 5.906574867004219414e+02 1.000000000000000000e+00
-5.260367778469808400e+02 -2.768593407477764003e+02 1.000000000000000000e+00
2.617791784629014273e+02 -8.451344961543713907e+01 0.000000000000000000e+00
-9.696440391120256663e+01 -8.638733472341675679e+02 1.000000000000000000e+00
2.318907770787782283e+02 -6.151028903230524065e+02 1.000000000000000000e+00
-2.289855537493576776e+02 -1.284160347783313227e+00 0.000000000000000000e+00
5.867513760438098416e+02 7.801884355733234315e+02 1.000000000000000000e+00
-6.997284540343391654e+02 -9.516545233995377657e+02 1.000000000000000000e+00
-7.339866390589453431e+02 -9.337857067141759444e+02 1.000000000000000000e+00
-4.795032294985235239e+02 7.543908289183696070e+01 0.000000000000000000e+00
-1.475674749698530377e+02 5.675403434659051527e+02 1.000000000000000000e+00
1.048013276087726808e+02 -6.580710191011930874e+02 1.000000000000000000e+00
-7.766472585897521412e+02 -5.440405510212322042e+02 1.000000000000000000e+00
3.393474189513563033e+01 9.048339043535181645e+02 1.000000000000000000e+00
4.677966658895229557e+01 -5.529464447333059525e+02 1.000000000000000000e+00
-5.906379037799051730e+02 -8.408709590351386396e+02 1.000000000000000000e+00
-4.624685254329654072e+02 2.536414977635213290e+02 0.000000000000000000e+00
5.036445958439685455e+01 -3.933261741959034907e+02 0.000000000000000000e+00
-1.989112607437753013e+02 -1.393945798001363983e+02 0.000000000000000000e+00
7.059971363444992676e+01 6.890769088354541054e+02 1.000000000000000000e+00
-8.919340888492928343e+02 -9.413007646328435385e+02 1.000000000000000000e+00
1.740443676429247262e+02 -6.553289810926621612e+02 1.000000000000000000e+00
6.749583345163575814e+02 4.712967537968013403e+02 1.000000000000000000e+00
2.563317636178956036e+02 -2.212592970048527832e+02 0.000000000000000000e+00
9.259826952680639351e+02 -1.234973162282875592e+02 1.000000000000000000e+00
2.482404364805279329e+02 -4.250061058581206908e+02 0.000000000000000000e+00
7.658429525731430658e+02 7.983090503729611100e+02 1.000000000000000000e+00
-1.548916938321043517e+02 7.622261232387334076e+02 1.000000000000000000e+00
6.459537957030877351e+02 -9.322582617359214510e+02 1.000000000000000000e+00
-1.059225684189526646e+02 -3.747603488513100274e+02 0.000000000000000000e+00
-1.106175796002150946e+02 5.021772663229137379e+02 1.000000000000000000e+00
-9.869216090969630386e+02 9.993305468288508564e+01 1.000000000000000000e+00
-1.934991676543438643e+02 1.268664506908571639e+02 0.000000000000000000e+00
8.014110608060000231e+02 -7.942827333326360986e+02 1.000000000000000000e+00
-3.330786949509654278e+02 9.357443560490810341e+02 1.000000000000000000e+00
-4.515636814960886340e+02 3.223757017882676337e+02 0.000000000000000000e+00
-4.791089892773580914e+02 7.713568177527449734e+02 1.000000000000000000e+00
-9.037725022619405308e+02 5.603668552718474984e+02 1.000000000000000000e+00
-7.942375953565832560e+02 7.271316973735083593e+02 1.000000000000000000e+00
2.346553102514853890e+02 5.903742861933733366e+02 1.000000000000000000e+00
-3.805511480628757681e+02 6.544423001028812905e+02 1.000000000000000000e+00
-9.411800717711309971e+01 1.152984363748573742e+02 0.000000000000000000e+00
2.788528978626345634e+02 2.433514071250333473e+02 0.000000000000000000e+00
1.227128291602282388e+02 5.488556376759920568e+02 1.000000000000000000e+00
-5.216908121724882221e+02 -4.321553302883282868e+02 1.000000000000000000e+00
-3.516752095267002005e+02 5.342792790675769083e+02 0.000000000000000000e+00
2.384247734050015879e+02 9.179790420288763926e+02 1.000000000000000000e+00
-2.766269001861820698e+02 8.469492044677217564e+02 1.000000000000000000e+00
1.558202510448863904e+02 1.081785941856287536e+02 0.000000000000000000e+00
6.554712525135828400e+02 -1.290923917373331733e+02 0.000000000000000000e+00
1.959576611407428572e+02 2.599932714627384485e+02 0.000000000000000000e+00
7.301121425207845732e+02 4.251259934602717294e+02 1.000000000000000000e+00
4.519652784862464614e+02 -5.351791718065692294e+02 0.000000000000000000e+00
-8.464548794920356158e+02 2.097582492776543859e+02 1.000000000000000000e+00
2.814225606761347080e+02 -1.183367383019771069e+02 0.000000000000000000e+00
-2.061272999016563290e+02 4.262798888891370552e+02 0.000000000000000000e+00
2.107221255024055608e+02 -3.801453407365254407e+02 0.000000000000000000e+00
8.508176064402337033e+02 1.607032519587216939e+02 1.000000000000000000e+00
-7.683454881177528932e+02 -3.466581190679385145e+02 1.000000000000000000e+00
-4.179313152801969409e+02 -6.620988699047616137e+02 1.000000000000000000e+00
4.849486565487227381e+02 2.955997383448325309e+02 1.000000000000000000e+00
2.995684037287167030e+02 8.381473178905173427e+02 1.000000000000000000e+00
-9.456480994433638898e+01 -7.134369932262984548e+02 1.000000000000000000e+00
7.434486744847265527e+02 7.572376626403838600e+02 1.000000000000000000e+00
-7.715164193241535031e+02 1.020662914589674983e+02 1.000000000000000000e+00
5.728181058775282963e+02 7.521107573350623170e+02 1.000000000000000000e+00
-6.765919582688563878e+02 -3.406181600407394399e+02 1.000000000000000000e+00
7.895756218455860562e+02 -3.644134437033976610e+02 0.000000000000000000e+00
6.679611166794736619e+02 -6.657827561272915773e+01 0.000000000000000000e+00
1.007599611492933036e+02 -2.812902625845246121e+02 0.000000000000000000e+00
7.259856325159141761e+02 2.327807623943374438e+02 1.000000000000000000e+00
-4.406067252612322136e+02 -4.134991187295394184e+02 1.000000000000000000e+00
5.665158560293098162e+02 5.879061115246047393e+02 1.000000000000000000e+00
-3.018139696083719627e+02 -1.073154448821019287e+02 0.000000000000000000e+00
-2.096410440438829710e+02 -5.574200935111841773e+02 1.000000000000000000e+00
-4.412038011446148857e+02 -5.971258121979965381e+02 1.000000000000000000e+00
-3.239361579141711900e+01 6.868076459593407890e+01 0.000000000000000000e+00
4.463327986956280711e+02 -8.842508819069840911e+02 1.000000000000000000e+00
-7.491254996274776659e+02 -4.389640003859041144e+02 1.000000000000000000e+00
-1.741901915632795408e+02 1.953573734646140565e+02 0.000000000000000000e+00
1.025655616031390309e+02 -6.356276536209991264e+02 1.000000000000000000e+00
5.690694925616694491e+02 -5.112506222965553775e+02 0.000000000000000000e+00
-6.669908899614943039e+02 -8.644237226842524251e+02 1.000000000000000000e+00
-4.079604097291366998e+02 4.140244036788099038e+02 0.000000000000000000e+00
9.898292443422496945e+01 -5.989715404205413734e+02 1.000000000000000000e+00
-2.844731977313559810e+02 -9.994261335088767737e+02 1.000000000000000000e+00
4.172226291425392901e+02 7.519390989751689176e+02 1.000000000000000000e+00
-7.178487620662372137e+01 -4.792169040156952633e+02 1.000000000000000000e+00
5.093271042074461548e+02 -9.619553001033232249e+02 1.000000000000000000e+00
8.090191869928216875e+02 3.655743720771338303e+02 1.000000000000000000e+00
-8.443823106112751020e+02 -8.834483017937799332e+02 1.000000000000000000e+00
-2.878542305882870096e+02 -1.409813324745788350e+02 0.000000000000000000e+00
7.656425340865271210e+02 5.078499020542301423e+02 1.000000000000000000e+00
-6.779278039026783063e+02 -9.841088958539052101e+02 1.000000000000000000e+00
5.664701769720795710e+02 7.131743043860722082e+02 1.000000000000000000e+00
-5.988103466475604364e+02 9.341606264852418917e+02 1.000000000000000000e+00
4.970826246411143075e+02 3.232142621878529098e+01 0.000000000000000000e+00
-6.518796590188304663e+02 6.359075483408901164e+01 0.000000000000000000e+00
-7.056164027626557527e+02 4.583480658817832136e+02 0.000000000000000000e+00
-8.440217747293113462e+02 6.472775823030094671e+02 1.000000000000000000e+00
-9.841144615389295041e+02 -8.563269028644191394e+02 1.000000000000000000e+00
1.530341782526070347e+02 -9.548830876472537739e+02 1.000000000000000000e+00
-2.454203340729250158e+02 7.776516504142898611e+02 1.000000000000000000e+00
8.640443674372136229e+01 6.018504463620561182e+02 1.000000000000000000e+00
5.493867327217221828e+02 -3.996248474070291650e+02 0.000000000000000000e+00
3.533317487278250155e+02 -7.078951606091685562e+02 1.000000000000000000e+00
-5.739663966329975437e+02 6.957718864649214083e+02 1.000000000000000000e+00
-4.876306823234255035e+02 -7.953538361437128970e+02 1.000000000000000000e+00
9.000970534515554391e+02 -8.811350727347357861e+02 1.000000000000000000e+00
1.993004468964284115e+02 -8.074045281001733656e+02 1.000000000000000000e+00
9.479596965961006845e+02 8.739081352806672385e+02 1.000000000000000000e+00
6.111698028670814438e+02 -6.976990051940892954e+02 1.000000000000000000e+00
-6.554083420911975963e+02 6.346921247791412952e+02 0.000000000000000000e+00
-6.851387196328150822e+02 3.890563216925713732e+02 0.000000000000000000e+00
-1.919544828621563965e+02 3.086122451694752726e+02 0.000000000000000000e+00
8.803036965542867165e+02 4.796150694790451325e+02 1.000000000000000000e+00
1.754195504077008536e+02 7.924111897066516121e+02 1.000000000000000000e+00
7.373943682114268086e+02 1.647043805484511267e+02 1.000000000000000000e+00
-9.088444057277238244e+02 -9.600584497650066851e+02 1.000000000000000000e+00
6.044959699446394552e+01 -5.293579639915149073e+02 1.000000000000000000e+00
-1.262620913359446604e+02 -5.022997940553601666e+02 1.000000000000000000e+00
1.884504844622708788e+02 -1.485083334900572254e+02 0.000000000000000000e+00
3.173152077898912466e+02 6.930523256015321749e+02 1.000000000000000000e+00
6.288109684045500671e+02 5.202991880697281886e+02 1.000000000000000000e+00
7.313115869115927126e+01 2.289333934502860757e+02 0.000000000000000000e+00
-2.003855357071446406e+02 -4.615300524101178326e+02 1.000000000000000000e+00
9.506412461516763415e+02 1.728358658052911778e+02 1.000000000000000000e+00
7.102782128077037669e+02 -5.685063165778376515e+02 0.000000000000000000e+00
2.384716461482350951e+02 8.090836824426680778e+02 1.000000000000000000e+00
-7.081690942829312689e+02 -1.428281204460108711e+02 1.000000000000000000e+00
-5.894545990013830306e+02 8.639813568424660843e+02 1.000000000000000000e+00
-5.564020321029292973e+02 8.452655693443068685e+02 1.000000000000000000e+00
-3.895331006043368234e+02 -1.822846816957614919e+02 0.000000000000000000e+00
-4.814012016871158721e+02 1.368954523520869770e+02 0.000000000000000000e+00
-5.372457025409498783e+02 9.133574671503254194e+02 1.000000000000000000e+00
3.981511719352220098e+02 -4.877829935886244357e+02 0.000000000000000000e+00
-4.320146921032379623e+02 -4.374633987404374693e+02 1.000000000000000000e+00
-8.520495219952958905e+02 -8.531378734972201983e+02 1.000000000000000000e+00
-8.443120328908294141e+02 3.793170114241443116e+02 0.000000000000000000e+00
6.155812756748441643e+02 -9.491675928950069192e+02 1.000000000000000000e+00
-6.506672116271306550e+02 -2.010722056982807544e+02 1.000000000000000000e+00
4.746704677632906169e+02 4.625858347897788008e+02 1.000000000000000000e+00
5.849046281632060982e+02 6.125436454186842639e+01 1.000000000000000000e+00
1.205721059427569344e+02 -5.750592098294216612e+02 1.000000000000000000e+00
8.543118964583625257e+02 -7.050820083474307012e+02 1.000000000000000000e+00
1.097905737517967282e+02 -3.233384387982529233e+02 0.000000000000000000e+00
1.269131813562200932e+02 7.086337533224445906e+01 0.000000000000000000e+00
8.129289009243741475e+02 -2.918880923181086473e+02 0.000000000000000000e+00
3.162291264038583449e+02 -4.876575233682982571e+02 0.000000000000000000e+00
4.315723601390645854e+02 7.161182244913359227e+02 1.000000000000000000e+00
-7.877000326498819049e+02 1.305882638465097898e+02 1.000000000000000000e+00
4.810001772496718786e+02 -9.796336173643278471e+02 1.000000000000000000e+00
9.694150577843915926e+02 -4.980951382086149692e+02 1.000000000000000000e+00
-1.680127150544592496e+02 -4.396215564683406001e+02 1.000000000000000000e+00
-1.584678892033161901e+02 8.362765774948911712e+01 0.000000000000000000e+00
-1.427425688711174416e+02 -2.864143368504485352e+02 0.000000000000000000e+00
-7.226465168324236856e+02 -7.209827507558424031e+02 1.000000000000000000e+00
-6.836320046493433438e+02 -1.681245866334450056e+01 1.000000000000000000e+00
2.064500922807610550e-01 3.418628238277444780e+02 0.000000000000000000e+00
8.066464875921246858e+02 2.308747280200011573e+02 1.000000000000000000e+00
-2.852057629478006220e+02 -3.834650139393522750e+01 0.000000000000000000e+00
9.548012025537082081e+02 8.284775618597088851e+02 1.000000000000000000e+00
-8.473603313454847239e+02 -3.572145902104974766e+02 1.000000000000000000e+00
-8.259015537533256293e+02 6.727707457155975135e+01 1.000000000000000000e+00
-2.229211251324974228e+02 1.833259328964620636e+02 0.000000000000000000e+00
9.438354773840044345e+02 8.124557802778545010e+02 1.000000000000000000e+00
-1.173913095446641819e+02 -9.694157791264035495e+01 0.000000000000000000e+00
-3.881290308781741487e+02 4.277935641098692940e+02 0.000000000000000000e+00
-2.755225601553717070e+02 -9.054504570805474941e+02 1.000000000000000000e+00
-1.815294989274822228e+02 5.253420889836022525e+02 0.000000000000000000e+00
5.477105789096449371e+02 9.950315332663872141e+02 1.000000000000000000e+00
-6.674396532086436764e+02 -7.312775092856070387e+02 1.000000000000000000e+00
-5.290837472682836733e+02 7.497740446724444610e+02 1.000000000000000000e+00
-2.307128486803369469e+02 -4.855774596594351351e+02 1.000000000000000000e+00
7.706098324422794121e+02 1.157396587602281670e+02 1.000000000000000000e+00
-4.626324129365538056e+02 -9.575136761877718072e+02 1.000000000000000000e+00
-1.061672234391253369e+02 4.131569481353408264e+02 0.000000000000000000e+00
-1.676914053769064594e+01 5.706933660349445745e+02 1.000000000000000000e+00
3.983066810285804422e+02 2.378473667108094105e+02 1.000000000000000000e+00
-1.056996982699938599e+02 3.958513636210898312e+02 0.000000000000000000e+00
2.316519301555442780e+02 9.132143185987210927e+02 1.000000000000000000e+00
-2.513016179545763862e+02 -1.436217904028320618e+02 0.000000000000000000e+00
2.091394683254525262e+02 8.390980867269558985e+02 1.000000000000000000e+00
6.258239173867382306e+02 9.102750039848028791e+02 1.000000000000000000e+00
-4.023720661082302286e+02 5.332381544642344124e+02 0.000000000000000000e+00
-4.402203215147559376e+02 -8.776996932586093862e+02 1.000000000000000000e+00
-8.327971994268807521e+02 -5.349750544308218423e+02 1.000000000000000000e+00
4.356063152399315186e+00 -8.252252038413636228e+02 1.000000000000000000e+00
6.288595948062409207e+02 1.275502879433418002e+02 1.000000000000000000e+00
-6.102989941760324655e+02 -8.666230407748722655e+02 1.000000000000000000e+00
5.344295870391656536e+02 2.284844806472142409e+02 1.000000000000000000e+00
9.165249039923719465e+02 -5.877131716997421336e+02 1.000000000000000000e+00
3.584596588419017280e+02 -7.337939117013796704e+02 1.000000000000000000e+00
5.602902006956296646e+02 -3.874346465074783055e+02 0.000000000000000000e+00
-6.926974137717252233e+02 -3.792907928802607103e+02 1.000000000000000000e+00
6.257928114487608582e+02 8.388788057873880462e+02 1.000000000000000000e+00
-5.234004259390330844e+02 5.804249433120435242e+01 0.000000000000000000e+00
6.781573395973873630e+01 -5.158937003393975829e+02 1.000000000000000000e+00
-9.695037082780928586e+02 -6.812970749243168029e+02 1.000000000000000000e+00
-8.045842412156707724e+01 2.345229201129820922e+02 0.000000000000000000e+00
-1.760063107831066418e+02 2.963679175877807666e+02 0.000000000000000000e+00
7.147159092133706508e+02 9.098542697547688931e+02 1.000000000000000000e+00
-3.830850918972614636e+02 3.320439631350102445e+02 0.000000000000000000e+00
5.497497873129368600e+02 1.819769943616856835e+02 1.000000000000000000e+00
-8.631989809303418042e+02 9.033511472338466319e+02 1.000000000000000000e+00
-6.617159867846618226e+02 -1.668310880944669634e+02 1.000000000000000000e+00
9.645214684114671400e+02 6.789148713430258795e+02 1.000000000000000000e+00
-5.199188522802655825e+02 -4.024840615780043436e+02 1.000000000000000000e+00
4.550568712260376287e+02 2.773769533832387424e+02 1.000000000000000000e+00
-9.153667481576579803e+02 1.001482803043420517e+02 1.000000000000000000e+00
3.135488505656383040e+02 -1.217331898819926437e+02 0.000000000000000000e+00
-2.030082591680277346e+02 -3.998195586892250049e+02 1.000000000000000000e+00
2.138086190651881680e+02 9.875079837871289783e+02 1.000000000000000000e+00
-2.884289687505225857e+02 -4.635008438223621852e+01 0.000000000000000000e+00
9.801046306020700740e+02 6.696637349067611922e+02 1.000000000000000000e+00
-6.457569280023390093e+02 5.593957505064531688e+01 0.000000000000000000e+00
7.046980073000695484e+02 -1.423447496462155186e+02 0.000000000000000000e+00
9.969733359968890909e+02 5.917332022953737578e+02 1.000000000000000000e+00
7.399183466448334912e+02 -7.925528726254964340e+02 1.000000000000000000e+00
5.727924339182663971e+02 -5.273240873123943402e+02 0.000000000000000000e+00
-8.238245609685466206e+02 8.734359550841375039e+02 1.000000000000000000e+00
7.797051783307763344e+02 2.024576809896511804e+02 1.000000000000000000e+00
2.851955573810005262e+01 5.186496565506131446e+02 1.000000000000000000e+00
-3.597470132422461120e+01 -6.242755371249166956e+02 1.000000000000000000e+00
-1.798047264184385767e+02 1.139225857817457381e+02 0.000000000000000000e+00
4.078021523999802866e+02 5.776802762621980492e+02 1.000000000000000000e+00
-4.396179355332898240e+02 8.362368165012871941e+02 1.000000000000000000e+00
2.302257923439385650e+02 -7.137481878030733924e+02 1.000000000000000000e+00
6.279179786643651369e+02 3.002004758327911986e+02 1.000000000000000000e+00
2.436443924280411011e+02 -5.000962461208169429e+02 0.000000000000000000e+00
-3.837003731880366786e+02 -4.817612545499791850e+02 1.000000000000000000e+00
-7.028021903762589773e+02 -4.485800251682571798e+02 1.000000000000000000e+00
8.532498348491649267e+02 1.256390723751139831e+02 1.000000000000000000e+00
1.537927725712258962e+02 9.125367751684825635e+01 0.000000000000000000e+00
-9.612773505335576374e+01 5.736464387809087384e+02 1.000000000000000000e+00
-2.345025759445206859e+02 7.868228937228036557e+01 0.000000000000000000e+00
-7.861155101666017799e+02 -8.914841837274116187e+01 1.000000000000000000e+00
6.941972538677578086e+01 1.306032689036269403e+02 0.000000000000000000e+00
-3.031122762184330668e+02 4.691349538855406536e+02 0.000000000000000000e+00
-1.249982950736456360e+02 9.591584390093689763e+02 1.000000000000000000e+00
-4.764457344533070682e+00 -3.470310326122978495e+02 0.000000000000000000e+00
2.554808346341976630e+02 9.479580624865641312e+02 1.000000000000000000e+00
3.153674042162688238e+02 -3.428153730521001989e+02 0.000000000000000000e+00
8.741957272252714120e+02 -2.508439123792331884e+02 1.000000000000000000e+00
-2.833363736835970030e+02 3.485226692919620746e+02 0.000000000000000000e+00
6.989757623997318206e+02 9.612950698266324707e+02 1.000000000000000000e+00
-6.659093638219610511e+02 -4.306104774962938109e+02 1.000000000000000000e+00
-4.689832052266577875e+02 -5.062522027412535408e+01 0.000000000000000000e+00
-2.580336091348423224e+02 -5.290678938289540838e+02 1.000000000000000000e+00
-5.790492739464500573e+02 3.110659100164646134e+02 0.000000000000000000e+00
6.992909961017062415e+00 -5.625242729624058029e+02 1.000000000000000000e+00
7.776042420837113696e+02 -9.230702995030346756e+02 1.000000000000000000e+00
5.655858444079403853e+02 -3.581928773870241685e+02 0.000000000000000000e+00
9.272494316777620043e+02 5.797189878388362558e+02 1.000000000000000000e+00
-4.816435615435552791e+02 -8.506755377193615004e+02 1.000000000000000000e+00
6.547262830622557885e+02 -1.956898397178728146e+02 0.000000000000000000e+00
-6.537591127863697693e+01 -8.217673374873099874e+02 1.000000000000000000e+00
8.613749590028405692e+02 1.905334264528516997e+02 1.000000000000000000e+00
9.756605504453302729e+02 -6.305521662321859822e+02 1.000000000000000000e+00
-6.159192862368894339e+02 4.311350866710447463e+02 0.000000000000000000e+00
-1.675501766097476093e+02 1.564099832993292694e+00 0.000000000000000000e+00
-4.327222263624698826e+02 -9.881919332109545167e+02 1.000000000000000000e+00
-7.161973086418272487e+02 -4.248664839743440780e+02 1.000000000000000000e+00
-5.029941658452730167e+02 -5.622006002797514839e+02 1.000000000000000000e+00
-9.845248836818707332e+02 -6.200155106192535186e+02 1.000000000000000000e+00
-5.442462084599959553e+02 -1.303958986523458634e+02 1.000000000000000000e+00
-8.092724763753178649e+02 7.494772431163830788e+02 1.000000000000000000e+00
6.467219093320638876e+02 -2.032452230955357209e+01 0.000000000000000000e+00
-3.214756133736360653e+02 -7.577081017893523267e+02 1.000000000000000000e+00
-1.806488508975296554e+02 1.912694333059193923e+02 0.000000000000000000e+00
6.687238414299167744e+01 -3.819001420345647375e+02 0.000000000000000000e+00
7.572022247225027058e+01 3.493548220414827483e+02 0.000000000000000000e+00
-5.959644120433563330e+02 8.002823023853859468e+02 1.000000000000000000e+00
-8.368217204948596191e+02 -6.942424091738548668e+02 1.000000000000000000e+00
-6.099780045998968490e+02 6.688382513116787322e+02 1.000000000000000000e+00
3.961460171871372040e+02 6.824069876810708593e+02 1.000000000000000000e+00
-8.823586305720828022e+02 -5.911551035304682955e+00 1.000000000000000000e+00
2.487958091465720827e+02 -5.207579201620698086e+02 0.000000000000000000e+00
9.142253947670344587e+02 9.300173964333803269e+02 1.000000000000000000e+00
7.250482671336069416e+02 4.315371578522947402e+02 1.000000000000000000e+00
-7.029724799178937928e+02 1.578532253351186228e+02 0.000000000000000000e+00
-4.459636777266216541e+02 -6.331202488286814969e+02 1.000000000000000000e+00
-3.827269398829513420e+02 2.167044702907539886e+02 0.000000000000000000e+00
8.252019258622215148e+02 8.775530309376358673e+02 1.000000000000000000e+00
-7.677725867481899513e+01 7.140718654116312791e+01 0.000000000000000000e+00
-3.036494248125263766e+02 -4.963458586995757287e+02 1.000000000000000000e+00
-5.025007581514327057e+02 -5.078590702500167708e+02 1.000000000000000000e+00
1.794971025102117892e+02 -3.481379201326337807e+02 0.000000000000000000e+00
9.843297826689301928e+02 1.839110020603234261e+02 1.000000000000000000e+00
-9.206358266107637291e+02 -8.867164478913377934e+01 1.000000000000000000e+00
-9.363000830454484458e+02 3.549497707909445126e+02 1.000000000000000000e+00
1.803149842065295161e+02 -7.553697421781371304e+02 1.000000000000000000e+00
-3.620348310026879517e+02 -4.494807905676543669e+02 1.000000000000000000e+00
-7.159026451147112766e+02 -8.528885304385948984e+02 1.000000000000000000e+00
8.469556653930465018e+02 -5.498467648622957995e+02 0.000000000000000000e+00
-5.000963628897432045e+01 -5.205915851835108015e+02 1.000000000000000000e+00
-3.355292006395542330e+02 6.073526451820575858e+02 1.000000000000000000e+00
-5.314209759092211698e+02 5.372489177832562746e+02 0.000000000000000000e+00
-6.747162039266042939e+02 7.256703627486383539e+02 1.000000000000000000e+00
-9.022048897198351369e+02 4.142614322871893364e+02 1.000000000000000000e+00
-6.109525359480103361e+02 9.872038568814589325e+02 1.000000000000000000e+00
9.462901646603506833e+02 3.659625619701168944e+02 1.000000000000000000e+00
3.485950142828696698e+02 1.269330442983480225e+02 0.000000000000000000e+00
-2.645774604247981188e+02 3.843424510729066697e+02 0.000000000000000000e+00
-4.111006738344067344e+02 6.558473140428277475e+02 1.000000000000000000e+00
-1.942835146879007198e+02 -5.028559610951948002e+02 1.000000000000000000e+00
-8.340949027047075788e+02 2.765672080912206638e+02 0.000000000000000000e+00
6.301746893725187419e+02 -1.948630924093550902e+02 0.000000000000000000e+00
-4.669707134288375983e+01 -3.154374117726028999e+02 0.000000000000000000e+00
-6.090538101215017832e+02 4.510635385748848876e+02 0.000000000000000000e+00
-4.187818212584612638e+02 -6.237320334617525077e+02 1.000000000000000000e+00
8.969262194140080737e+02 -4.767855559300024879e+02 1.000000000000000000e+00
-3.776272171708352516e+02 6.535812261972207580e+02 1.000000000000000000e+00
7.064424089693879978e+02 -1.832945078131978107e+02 0.000000000000000000e+00
-9.593157303320907658e+02 6.154986176062097911e+02 1.000000000000000000e+00
9.467283545906313975e+02 4.135668480929728048e+02 1.000000000000000000e+00
-9.829548602865480689e+02 6.445315300809995733e+02 1.000000000000000000e+00
-7.761583461062915603e+02 1.468041219835570246e+02 1.000000000000000000e+00
-8.617257233815349764e+02 4.348543162372579900e+02 0.000000000000000000e+00
9.923901832739984457e+02 1.029984739474175512e+02 1.000000000000000000e+00
4.278186105849481464e+02 6.830217927503335886e+02 1.000000000000000000e+00
-4.529635872877923930e+02 3.063952133939651503e+02 0.000000000000000000e+00
8.901296749671002999e+02 9.940474626753536995e+02 1.000000000000000000e+00
-8.147932418530041332e+02 -1.123574347347920366e+02 1.000000000000000000e+00
-1.896598035716712047e+02 5.599394404921263231e+02 1.000000000000000000e+00
-6.697599944503849656e+00 -5.014006273933748616e+02 1.000000000000000000e+00
-3.032123911718668978e+02 -9.600450594936944526e+02 1.000000000000000000e+00
-6.328282028318517405e+02 -7.969356772893305561e+02 1.000000000000000000e+00
2.323935077252860992e+02 -7.020776299975013899e+02 1.000000000000000000e+00
-9.403016049244355372e+02 2.866241720159739543e+02 1.000000000000000000e+00
6.918657001666588258e+01 -6.331062713973858536e+01 0.000000000000000000e+00
6.575629751017545459e+02 -9.901733387040487742e+02 1.000000000000000000e+00
-9.584589590742568816e+02 4.901584210987607548e+00 1.000000000000000000e+00
2.495671682010261065e+02 -7.931445738327749950e+02 1.000000000000000000e+00
9.411154275848314228e+02 -4.847849977385590137e+02 1.000000000000000000e+00
8.968279306479707884e+02 -2.859111132895642413e+02 1.000000000000000000e+00
5.687273238665513873e+02 2.171130301788830366e+02 1.000000000000000000e+00
6.136716384365945487e+02 -9.838827307693474040e+02 1.000000000000000000e+00
-4.721297434943664939e+02 -3.760063757334148704e+02 1.000000000000000000e+00
4.009882184533100826e+02 8.711397417364253215e+02 1.000000000000000000e+00
-2.558050657514818340e+02 4.332977691517005496e+02 0.000000000000000000e+00
-7.420473232543661197e+02 -6.043118823101935959e+02 1.000000000000000000e+00
-9.862331540471083144e+02 -8.361688156390057429e+02 1.000000000000000000e+00
-4.134296472959210860e+02 -1.686206716157073515e+01 0.000000000000000000e+00
-3.217030603883641788e+02 -1.706179318502205433e+02 0.000000000000000000e+00
4.217138872773402909e+02 -5.598214317116774055e+02 0.000000000000000000e+00
7.901043992134702876e+02 5.720892070606805646e+02 1.000000000000000000e+00
-6.868385036754265229e+02 1.104761477505674065e+02 0.000000000000000000e+00
-4.712297908341629409e+02 -5.841888578105020997e+02 1.000000000000000000e+00
-1.762636762060199089e+02 -4.623389536516606313e+02 1.000000000000000000e+00
1.822234317963684589e+02 -2.315134633897478125e+02 0.000000000000000000e+00
5.909787501675100430e+01 9.781991447916213929e+02 1.000000000000000000e+00
-6.627641314218490152e+02 5.553850591923105640e+02 0.000000000000000000e+00
6.825023125639158934e+02 -3.651966163039854791e+02 0.000000000000000000e+00
-4.137823791933196844e+02 8.326899622282735436e+01 0.000000000000000000e+00
3.847814563842644020e+01 -8.417989547410570594e+01 0.000000000000000000e+00
6.460215153136384743e+02 5.106192228574473120e+02 1.000000000000000000e+00
-9.755916387150680293e+02 7.688871384817491617e+02 1.000000000000000000e+00
6.697913994755540443e+02 4.433453530229671742e+02 1.000000000000000000e+00
-7.587974439195502327e+02 -5.477429170107343452e+02 1.000000000000000000e+00
6.480887636104148442e+02 -6.422386848152590346e+02 1.000000000000000000e+00
-9.014358676929707599e+02 7.408792648657652080e+02 1.000000000000000000e+00
-7.521340906558331199e+02 5.790717496234590271e+02 0.000000000000000000e+00
-7.038720279120653913e+02 -5.049360456711337974e+01 1.000000000000000000e+00
-9.519588393820479268e+02 -2.706835984979609293e+02 1.000000000000000000e+00
-5.434168621468357969e+02 -8.070506198104070563e+02 1.000000000000000000e+00
7.896681453095529832e+02 -8.608698740927800372e+02 1.000000000000000000e+00
9.575164370604097712e+02 -4.294776306781861877e+02 1.000000000000000000e+00
-3.823928692673031264e+02 9.994732981564748115e+02 1.000000000000000000e+00
-1.907113997834877637e+02 6.735448760367694376e+01 0.000000000000000000e+00
-1.993208150343795069e+02 -5.417258335433787124e+02 1.000000000000000000e+00
6.441924146135738738e+01 1.759347845997490367e+01 0.000000000000000000e+00
3.968855028665232112e+02 -3.498669797408147133e+02 0.000000000000000000e+00
-2.800107263187142053e+02 8.878034780401530952e+02 1.000000000000000000e+00
-1.087308564986471993e+01 8.151989568618691919e+02 1.000000000000000000e+00
-3.091892919056920164e+02 -3.627389812955825619e+02 1.000000000000000000e+00
-7.610098170708170073e+01 -5.885958228556902441e+02 1.000000000000000000e+00
-6.865664868952799225e+02 -4.034707323836865953e+02 1.000000000000000000e+00
5.866932890527853033e+02 -2.967054841353109396e+02 0.000000000000000000e+00
-7.033508836553568244e+02 -4.580187824191995105e+02 1.000000000000000000e+00
-4.830278945817203748e+02 3.660399832060459175e+02 0.000000000000000000e+00
-6.423116069752045405e+02 -7.102531297614684718e+02 1.000000000000000000e+00
-6.049779345969603810e+02 7.182496210693097964e+02 1.000000000000000000e+00
4.478252839408830823e+02 8.807875085524315182e+02 1.000000000000000000e+00
-3.308926634472513797e+02 -9.742256476895394144e+02 1.000000000000000000e+00
-3.005200800840923421e+02 1.170434821525427651e+02 0.000000000000000000e+00
-8.982818832079412914e+02 -8.031567047640857027e+02 1.000000000000000000e+00
3.207904586114425456e+02 4.680850147355788522e+02 1.000000000000000000e+00
7.554183528446451419e+02 -4.072778549938919923e+02 0.000000000000000000e+00
4.364585958411726097e+01 -9.288047555830962665e+02 1.000000000000000000e+00
-2.011150268508779391e+02 5.327535943275120189e+02 0.000000000000000000e+00
-5.119599597600324046e+02 6.409860656312525862e+01 0.000000000000000000e+00
8.477137712904113869e+02 7.228388826020998295e+02 1.000000000000000000e+00
-4.734504287041387443e+02 -5.555352185305180228e+02 1.000000000000000000e+00
1.147206248850254724e+02 -5.935796132040846942e+02 1.000000000000000000e+00
7.012926595616572740e+02 4.953519236344679939e+02 1.000000000000000000e+00
3.488555674567935512e+02 9.808568259388866863e+02 1.000000000000000000e+00
-2.653683015464766868e+02 -4.748052357342182859e+02 1.000000000000000000e+00
5.195812592010090611e+02 4.752438321127015115e+02 1.000000000000000000e+00
2.995630178541375699e+02 -9.003833152492686622e+02 1.000000000000000000e+00
1.007552252009793392e+01 2.440770885768349672e+02 0.000000000000000000e+00
1.999363939295324144e+02 1.270767626521439979e+02 0.000000000000000000e+00
-2.242701473634789409e+02 6.908739978390253782e+02 1.000000000000000000e+00
-3.950970899833334897e+02 -7.206373300916708331e+02 1.000000000000000000e+00
-4.542809802940735153e+02 9.878815298489278121e+02 1.000000000000000000e+00
2.242214825000551173e+02 1.534333547596354492e+02 0.000000000000000000e+00
-1.483337177480823357e+02 9.799877690004400392e+02 1.000000000000000000e+00
5.434201702939535608e+02 7.409924974353323250e+02 1.000000000000000000e+00
-3.706795983337085545e+02 -5.542373629805692872e+02 1.000000000000000000e+00
5.699946008963715940e+02 8.361222246316674500e+02 1.000000000000000000e+00
-4.943450102345219079e+02 -5.767602937371236749e+02 1.000000000000000000e+00
8.640883598538468959e+02 -6.490974731163798879e+02 1.000000000000000000e+00
-7.197480083799885051e+02 -4.447178656675407638e+01 1.000000000000000000e+00
7.007556327400063765e+02 9.168062972644477213e+02 1.000000000000000000e+00
6.000967804649894788e+02 -8.493674145961449540e-01 0.000000000000000000e+00
-6.949723167126678618e+02 -6.791562113053332723e+02 1.000000000000000000e+00
1.715954387359558950e+02 3.689806970462104800e+02 1.000000000000000000e+00
2.332875222594320803e+02 -7.280773731483147913e+02 1.000000000000000000e+00
4.780152201343446450e+02 9.231685879057499733e+01 0.000000000000000000e+00
-2.216328223484140381e+01 8.463095116110330309e+02 1.000000000000000000e+00
-7.609398040677035624e+02 -4.984005297243902533e+01 1.000000000000000000e+00
9.452658398762889647e+02 -8.119910741138937738e+00 1.000000000000000000e+00
-9.734896252954656575e+02 3.239311203822612697e+02 1.000000000000000000e+00
-3.053752499638106883e+02 -7.226030632195681846e+02 1.000000000000000000e+00
-6.978340088665963776e+02 -6.491926465770850427e+02 1.000000000000000000e+00
-1.293320229213703669e+02 3.573458976619335772e+02 0.000000000000000000e+00
-1.503569241008522113e+02 1.710297207392657128e+02 0.000000000000000000e+00
-6.052464078127743505e+02 -6.258872774609483258e+02 1.000000000000000000e+00
-5.642254206843764450e+02 -3.676696955940240059e+02 1.000000000000000000e+00
2.972058344297120129e+02 2.881401940913003727e+02 1.000000000000000000e+00
-1.573235414081173076e+02 9.621596884813523047e+02 1.000000000000000000e+00
-9.740454413277499270e+02 -8.878062911453037032e+02 1.000000000000000000e+00
-7.376604594922816887e+02 3.905253179260992056e+02 0.000000000000000000e+00
8.649880627655761600e+02 4.059944795491549030e+02 1.000000000000000000e+00
-1.790470635605663574e+01 6.212185478901915303e+00 0.000000000000000000e+00
-6.221516274344178328e+02 5.896149394932770065e+02 0.000000000000000000e+00
1.370953247299560189e+02 4.015372733841832087e+02 1.000000000000000000e+00
-1.747626395267678845e+02 8.793627160578532767e+02 1.000000000000000000e+00
7.212087210298473110e+02 8.217077274674570617e+02 1.000000000000000000e+00
-7.238737899465959345e+02 -9.840307935925308129e+02 1.000000000000000000e+00
1.309694944026068697e+02 8.094763761909434834e+02 1.000000000000000000e+00
2.135051241812482203e+01 7.896239232940995407e+02 1.000000000000000000e+00
-4.167334851275393248e+02 -9.098945987163007203e+02 1.000000000000000000e+00
6.010806112328737072e+00 1.180942252950474085e+02 0.000000000000000000e+00
3.122768804066954544e+02 -7.174536595341625116e+02 1.000000000000000000e+00
9.598715308859805191e+02 1.330618614445236290e+02 1.000000000000000000e+00
-5.594444835869830968e+02 -8.408549526242727552e+02 1.000000000000000000e+00
2.553485006045025330e+02 -1.534061991278173309e+02 0.000000000000000000e+00
8.082256700934601668e+02 4.270942368534035722e+02 1.000000000000000000e+00
7.315739002914292541e+02 4.971942804779769176e+01 1.000000000000000000e+00
-7.050580390919249112e+02 -7.810136222057368514e+02 1.000000000000000000e+00
6.718504589204724198e+02 -7.787662989231743040e+02 1.000000000000000000e+00
-9.730727247799071620e+02 5.828118453801289434e+02 1.000000000000000000e+00
5.411774621894912798e+02 -7.305975695791988755e+02 1.000000000000000000e+00
5.497751087345022825e+02 -9.492124281170433733e+02 1.000000000000000000e+00
6.738464372804537561e+01 7.662270086052221814e+02 1.000000000000000000e+00
5.345532174766981370e+02 9.939403703530663279e+02 1.000000000000000000e+00
-7.166280823952662331e+02 -9.254188676385816734e+02 1.000000000000000000e+00
-5.438090271393498369e+02 -5.703024829777518789e+02 1.000000000000000000e+00
9.832807175496986929e+02 5.370609027785849321e+02 1.000000000000000000e+00
-6.398358590137469264e+02 5.456886592287564781e+02 0.000000000000000000e+00
-3.189532382665265686e+01 1.826608666933639142e+02 0.000000000000000000e+00
7.506601658909785328e+02 7.187600284063228173e+02 1.000000000000000000e+00
4.778190364498909730e+02 2.293302392022217191e+02 1.000000000000000000e+00
-9.671932219462578360e+02 2.891050178647906250e+02 1.000000000000000000e+00
3.465417122543608457e+02 5.890409408230812005e+01 0.000000000000000000e+00
-7.692830454191705485e+02 1.528033897171701483e+02 0.000000000000000000e+00
3.793471977216911455e+02 -7.262000213946215581e+02 1.000000000000000000e+00
-6.822771244176226446e+01 5.339553763769567922e+02 1.000000000000000000e+00
9.223290734488180078e+02 -2.536682182312066516e+02 1.000000000000000000e+00
-1.239516414735095395e+02 -9.940788105817546239e+02 1.000000000000000000e+00
-5.179509450891977167e+02 3.157569964625263310e+02 0.000000000000000000e+00
-8.933668369446523911e+02 -3.805309785262531932e+02 1.000000000000000000e+00
9.745717935522823154e+02 7.887468179264940318e+02 1.000000000000000000e+00
9.660131904753523031e+02 -8.197509480025576067e+01 1.000000000000000000e+00
3.762851308125102605e+02 5.028217515770791124e+02 1.000000000000000000e+00
1.770939238055791520e+02 -6.306172328632970903e+02 1.000000000000000000e+00
1.801764697524515668e+01 2.150435504211880016e+02 0.000000000000000000e+00
-9.317345315187549204e+01 -5.995667949417497766e+02 1.000000000000000000e+00
9.325495172712999192e+02 1.152870144045698453e+02 1.000000000000000000e+00
8.437491725291806688e+02 1.496922251670630430e+02 1.000000000000000000e+00
3.803486691888565474e+01 -1.617255785102191794e+02 0.000000000000000000e+00
-2.222411372989540723e+02 3.997191197758527323e+02 0.000000000000000000e+00
-3.120656372025749761e+02 -7.193566728166640587e+02 1.000000000000000000e+00
6.412182436026366759e+02 -4.052732504067064383e+02 0.000000000000000000e+00
3.543523948355812081e+02 3.884096837225449690e+02 1.000000000000000000e+00
3.883755975752028462e+02 7.596718570437003564e+02 1.000000000000000000e+00
-7.639010492646048078e+02 8.370307310254352160e+02 1.000000000000000000e+00
-6.335896202959785342e+02 -5.540968253828237948e+02 1.000000000000000000e+00
-3.633314994431214018e+02 -3.421434813912879918e+02 1.000000000000000000e+00
6.253582813441869348e+02 -7.084390685162129557e+02 1.000000000000000000e+00
-9.971539229446268564e+02 4.240549042350517084e+02 1.000000000000000000e+00
-4.450212667328484031e+02 3.873872417381676314e+01 0.000000000000000000e+00
2.302927635487715179e+02 -3.842333816324457985e+01 0.000000000000000000e+00
1.753565218647684105e+02 -3.952555418901897610e+02 0.000000000000000000e+00
-8.502958576971819866e+02 -4.053435453876886641e+01 1.000000000000000000e+00
8.329226129451126326e+01 -3.849308670277489455e+02 0.000000000000000000e+00
5.077549017146398000e+02 -6.180354016411939710e+02 0.000000000000000000e+00
9.524254939209076838e+02 8.137701878203793058e+02 1.000000000000000000e+00
1.069907885895136133e+02 9.641702330464136139e+02 1.000000000000000000e+00
-4.308663943264166392e+02 -2.552741050627666937e+02 1.000000000000000000e+00
-3.943759361588896581e+02 9.296805874377344026e+02 1.000000000000000000e+00
-4.530795329912526768e+02 7.805706167991161237e+01 0.000000000000000000e+00
-8.818268211248428088e+02 -3.033798161093326371e+02 1.000000000000000000e+00
-6.301579049938976596e+02 -9.751908086733164964e+02 1.000000000000000000e+00
-1.427020267460503646e+02 6.103294390662085789e+02 1.000000000000000000e+00
1.994687568744134296e+02 3.161825247308811413e+02 0.000000000000000000e+00
-6.524917195384985007e+02 2.303278161002458546e+02 0.000000000000000000e+00
1.043949475849262853e+02 -3.235674470656960011e+02 0.000000000000000000e+00
4.530306367710629729e+02 -3.971561871393494130e+02 0.000000000000000000e+00
-3.159304946708050466e+02 -8.133598989756933406e+02 1.000000000000000000e+00
4.886782008861553095e+02 2.315851861442761219e+02 1.000000000000000000e+00
7.336502853164756743e+02 -4.916758022900315837e+02 0.000000000000000000e+00
9.491840041275299882e+02 9.878831362080784402e+02 1.000000000000000000e+00
-5.366583716558936885e+02 8.656336123735900401e+01 0.000000000000000000e+00
6.910348069248377669e+02 -2.696175718530402037e+02 0.000000000000000000e+00
1.099273634172541279e+02 -1.379846445172859148e+02 0.000000000000000000e+00
6.156546251835225121e+02 -3.286198980795309126e+02 0.000000000000000000e+00
9.659792579953978020e+01 -7.354912221320425942e+02 1.000000000000000000e+00
-4.037224936475514596e+02 -1.218981898806459867e+02 0.000000000000000000e+00
9.991195733733443376e+02 -4.901387383975604166e+02 1.000000000000000000e+00
8.297800350762470316e+02 5.321730818413448105e+02 1.000000000000000000e+00
-4.095673472792013854e+02 6.472537758241292067e+02 1.000000000000000000e+00
5.234363407271960114e+02 6.549047976208953514e+02 1.000000000000000000e+00
-3.095613940373098103e+02 -2.028916188761593276e+02 0.000000000000000000e+00
-4.338667431518942976e+02 4.538003120027240129e+02 0.000000000000000000e+00
6.294441233375473530e+02 4.798413681365798311e+02 1.000000000000000000e+00
-8.055083391178561669e+02 -3.731564099102005230e+02 1.000000000000000000e+00
-7.184129509034700050e+02 -8.834441382856989549e+02 1.000000000000000000e+00
8.461978006660663141e+02 -1.383332353571511248e+02 1.000000000000000000e+00
5.679912620559407515e+02 8.434545975038408869e+02 1.000000000000000000e+00
-9.130477318289888444e+01 6.049269076944588051e+02 1.000000000000000000e+00
8.051982424025668479e+02 -2.380579094775241629e+02 0.000000000000000000e+00
8.997071236222418520e+02 -4.429707618066447594e+02 1.000000000000000000e+00
-7.049460873914786134e+02 4.767441265924546769e+02 0.000000000000000000e+00
3.714822293253378120e+02 -6.591663960195523941e+02 1.000000000000000000e+00
3.039870960050086524e+02 -5.748811288054871511e+02 1.000000000000000000e+00
-7.572252626658819281e+02 -5.538704674172419118e+02 1.000000000000000000e+00
2.001579208053069578e+02 -5.877650102874044933e+02 1.000000000000000000e+00
3.625399035814921262e+02 -2.508115829929520260e+02 0.000000000000000000e+00
7.279034661765692817e+02 -9.358554841446806449e+02 1.000000000000000000e+00
7.568587667084536861e+02 9.369178350919335116e+02 1.000000000000000000e+00
-8.865717365718219298e+02 -9.883245414928594528e+02 1.000000000000000000e+00
-9.154422733233200233e+02 -2.692539779078093716e+02 1.000000000000000000e+00
-2.567209958910015075e+02 9.088552217231699615e+02 1.000000000000000000e+00
7.512962936511491989e+02 2.746493362913263354e+02 1.000000000000000000e+00
2.887854080882163998e+02 2.102145072815660569e+02 0.000000000000000000e+00
-9.882909507021668105e+01 -4.891458499123218076e+02 1.000000000000000000e+00
7.315864576767646668e+02 -6.842383585298779280e+02 1.000000000000000000e+00
8.766782127819692505e+01 3.461981356443204731e+02 0.000000000000000000e+00
1.068481156328823545e+02 -3.426465663966678221e+02 0.000000000000000000e+00
-1.402911899309211776e+02 6.608651367290988219e+02 1.000000000000000000e+00
7.856677843329862299e+01 -9.667285327867339220e+02 1.000000000000000000e+00
6.656225558352177814e+02 2.268195222196170562e+02 1.000000000000000000e+00
4.091202544473248963e+02 -2.214174744569202176e+02 0.000000000000000000e+00
7.383719381911341770e+02 9.345668195970497436e+02 1.000000000000000000e+00
7.969354951764616999e+02 7.055935525992724706e+02 1.000000000000000000e+00
-1.590308076421422356e+02 7.812492565198658667e+01 0.000000000000000000e+00
4.814376515677895441e+02 7.156867692528994667e+02 1.000000000000000000e+00
4.001381454624345224e+02 1.872191733070937971e+02 0.000000000000000000e+00
4.677605995755332060e+02 4.435549547215075563e+02 1.000000000000000000e+00
2.383531497010164912e+02 -9.615072236279490880e+01 0.000000000000000000e+00
-9.463211135451457494e+02 -7.300591830407627185e+02 1.000000000000000000e+00
7.405574363785510741e+02 -6.902395489380237450e+02 1.000000000000000000e+00
6.383586398210188690e+02 -2.292224595083496297e+02 0.000000000000000000e+00
5.848341696906177276e+02 9.032619131556082266e+02 1.000000000000000000e+00
-7.531839805007316500e+02 2.881048161386891024e+02 0.000000000000000000e+00
2.380686019715078601e+02 8.133521705610112349e+02 1.000000000000000000e+00
2.255207246019731429e+02 2.058330524727252850e+02 0.000000000000000000e+00
-6.460263507197719264e+02 -8.731283644288738515e+02 1.000000000000000000e+00
-8.596707545326019044e+02 6.569751102121076656e+02 1.000000000000000000e+00
-8.180533298498131671e+02 -4.710871464206661585e+01 1.000000000000000000e+00
-6.999399604750983599e+02 -7.930929785348120049e+02 1.000000000000000000e+00
4.215407724310434787e+02 -1.353388131250669630e+02 0.000000000000000000e+00
3.931972770251036309e+02 7.419216470607898373e+02 1.000000000000000000e+00
8.795353198208779304e+02 -3.447633349943944268e+02 1.000000000000000000e+00
-1.014480926522550135e+02 -8.492325422002637652e+02 1.000000000000000000e+00
1.599935728876971552e+02 5.074481524989435002e+02 1.000000000000000000e+00
-1.308986337964856830e+02 1.119566265845680846e+02 0.000000000000000000e+00
-2.502225451030244585e+01 3.895001338834867965e+02 0.000000000000000000e+00
-9.194107658855306227e+02 1.580789380614030506e+02 1.000000000000000000e+00
-4.568446580067659397e+02 -5.460419151565761240e+02 1.000000000000000000e+00
3.527375009557654266e+02 -3.907665077755035554e+02 0.000000000000000000e+00
7.872792698289549662e+01 -2.189250558756248211e+02 0.000000000000000000e+00
6.165728980022809083e+02 -9.458070732924863933e+02 1.000000000000000000e+00
-3.423304804662934657e+02 2.487033190660874880e+02 0.000000000000000000e+00
5.097333722495004622e+02 2.721703806187010741e+02 1.000000000000000000e+00
8.902585025135799697e+02 -5.007399773170073445e+02 1.000000000000000000e+00
-3.422763155515897324e+02 -1.497388064321361298e+02 0.000000000000000000e+00
-2.260009053309897809e+01 -2.353619147086907333e+02 0.000000000000000000e+00
8.481535795222453089e+01 -4.556117395942598023e+02 0.000000000000000000e+00
7.656845628551538994e+02 -5.391915019171335643e+02 0.000000000000000000e+00
2.794462342704657658e+02 -3.352126651808254110e+02 0.000000000000000000e+00
6.419092190077055875e+02 8.501996611599554399e+02 1.000000000000000000e+00
-6.089933512912231208e+02 9.985823919207844028e+02 1.000000000000000000e+00
9.357639648786089310e+02 -9.933592498246140394e+02 1.000000000000000000e+00
1.485248173245197449e+02 -8.674429004061973956e+02 1.000000000000000000e+00
7.678083771651881761e+02 -8.354567392601663869e+02 1.000000000000000000e+00
5.857985140053999658e+02 6.430079529253735018e+02 1.000000000000000000e+00
-8.197696432189695770e+02 -5.228922888104294771e+02 1.000000000000000000e+00
-5.190953800892436902e+02 -1.527549933301881993e+02 1.000000000000000000e+00
6.826251702825279608e+02 6.133318297445891858e+02 1.000000000000000000e+00
4.853761625108361386e+02 9.750468938253457054e+02 1.000000000000000000e+00
6.325536205404021075e+02 5.609167857757731781e+02 1.000000000000000000e+00
5.123203903641128818e+02 2.679558925653684582e+02 1.000000000000000000e+00
3.770166760871559291e+02 -8.390947561343498364e+02 1.000000000000000000e+00
-5.219625447025282483e+01 5.516879947833265305e+02 1.000000000000000000e+00
9.613144261909480974e+02 -5.181600560583424340e+02 1.000000000000000000e+00
2.111062306174062542e+01 -8.223160581631117338e+02 1.000000000000000000e+00
-5.370563689128778151e+02 7.814926713782783736e+02 1.000000000000000000e+00
7.823334370577074424e+02 3.399283916894091817e+01 1.000000000000000000e+00
3.766832130741970559e+02 -2.390143513342088681e+02 0.000000000000000000e+00
3.801252453922859331e+02 -6.992528250602865683e+02 1.000000000000000000e+00
-7.767107004578252827e+02 -3.036279113192139221e+02 1.000000000000000000e+00
7.446447688776784162e+02 8.174097678401940357e+02 1.000000000000000000e+00
2.679324284134822847e+02 -5.992526155163764088e+02 1.000000000000000000e+00
-7.510647770670736918e+02 3.061284199314263788e+01 1.000000000000000000e+00
9.900637943650417583e+02 -6.284051325453294794e+02 1.000000000000000000e+00
-4.777362854122353610e+02 -9.763776527017578246e+02 1.000000000000000000e+00
-1.937373910860138722e+02 -3.180949704344857309e+02 0.000000000000000000e+00
-8.917039612099238184e+02 3.026794127498701528e+02 1.000000000000000000e+00
1.295222113176303083e+02 1.367360817287908503e+02 0.000000000000000000e+00
-8.385024950396698387e+02 6.648906327015286024e+02 1.000000000000000000e+00
-1.833177223735962116e+02 3.170574317874186363e+02 0.000000000000000000e+00
9.509672625142159177e+02 8.102409485922171370e+02 1.000000000000000000e+00
-8.010306173976275659e+02 -3.624375602498188300e+02 1.000000000000000000e+00
-4.217336821958166411e+02 -1.854562218216302654e+02 1.000000000000000000e+00
-1.152684743428879983e+02 1.145043154966172096e+02 0.000000000000000000e+00
5.511025374119778917e+02 1.061897435271782797e+02 1.000000000000000000e+00
6.506284048260095005e+02 -7.498220234165977445e+02 1.000000000000000000e+00
-3.303748922153573631e+02 5.571189235232811825e+02 0.000000000000000000e+00
-5.434569256341208074e+02 2.703385358217467456e+02 0.000000000000000000e+00
-5.046928365663732166e+02 -5.354206673575015429e+02 1.000000000000000000e+00
-7.305876345308138298e+02 2.291350722287886583e+02 0.000000000000000000e+00
-8.617850419884528037e+02 4.488937097241957872e+02 0.000000000000000000e+00
9.663956764310660219e+01 8.004679559370731567e+02 1.000000000000000000e+00
4.129088637102529447e+02 -3.857603269212936539e+02 0.000000000000000000e+00
1.828351153208334381e+02 -8.508062819453469956e+02 1.000000000000000000e+00
9.113793553760906434e+02 7.956690082974566849e+02 1.000000000000000000e+00
9.272129989879929326e+02 8.302971671599752881e+02 1.000000000000000000e+00
-1.101047780674117575e+02 1.183060648498449154e+02 0.000000000000000000e+00
4.724142151982032374e+02 6.324670882998452726e+01 0.000000000000000000e+00
1.643975652538501890e+02 6.787711692406594466e+02 1.000000000000000000e+00
3.112995546767842825e+02 -8.345176778901715124e+02 1.000000000000000000e+00
3.125524290082489642e+01 4.178377684066417714e+02 0.000000000000000000e+00
-6.944542321790868300e+02 -7.128674950630249896e+01 1.000000000000000000e+00
-4.221820929610278199e+02 -7.314622046482204496e+02 1.000000000000000000e+00
5.679882410987443109e+02 -4.468956499581320259e+02 0.000000000000000000e+00
-1.568955541491616259e+02 -3.567906001929204649e+02 0.000000000000000000e+00
-1.333245132864699372e+02 5.453141453724940675e+02 1.000000000000000000e+00
9.616210144117817435e+02 1.499374351896619828e+02 1.000000000000000000e+00
7.316777489574626543e+02 -8.209971524841619157e+02 1.000000000000000000e+00
5.337963078595798834e+02 9.213422169598575238e+02 1.000000000000000000e+00
4.053693933419704081e+02 -6.671034488019915898e+01 0.000000000000000000e+00
7.520929457788656691e+02 7.173333729225876141e+02 1.000000000000000000e+00
3.400539313697693160e+02 5.666700468138060387e+02 1.000000000000000000e+00
-9.763175959386343266e+02 -2.101324766811376321e+01 1.000000000000000000e+00
-7.968769159271685112e+02 1.476412891815825787e+02 1.000000000000000000e+00
-3.666960885455910102e+01 3.952879848990362461e+02 0.000000000000000000e+00
-9.223002638703953835e+02 -7.704937946042454087e+02 1.000000000000000000e+00
-1.410862775717904469e+02 3.959933346198340587e+02 0.000000000000000000e+00
7.310976850843335342e+02 4.729914118521412547e+02 1.000000000000000000e+00
-8.021453994104774665e+02 6.988387404866609813e+02 1.000000000000000000e+00
2.595248953009113393e+02 -5.197158952331335513e+02 0.000000000000000000e+00
3.212701343414826169e+02 -6.008403725055884479e+02 1.000000000000000000e+00
-7.604267294350952398e+02 4.041509622727658098e+02 0.000000000000000000e+00
2.807385472009636942e+02 -1.453995145434824963e+02 0.000000000000000000e+00
5.091342853656187799e+02 -9.955429608734214071e+02 1.000000000000000000e+00
-4.007809707630793810e+02 7.838625698709049630e+02 1.000000000000000000e+00
-1.721803343773011647e+02 -3.779936441049720770e+02 1.000000000000000000e+00
-9.335657016095011613e+02 2.015988085776309617e+02 1.000000000000000000e+00
9.912520713975591207e+02 -5.549964817859413415e+02 1.000000000000000000e+00
1.755377166137852782e+02 -5.752806785732900607e+00 0.000000000000000000e+00
-7.394585826162444846e+02 9.363923101760201462e+01 1.000000000000000000e+00
-8.082031710521089281e+02 4.586461716727812927e+02 0.000000000000000000e+00
-6.593300982214009309e+02 -1.325284290043077817e+01 1.000000000000000000e+00
-4.653942500763561156e+02 -4.929061795908176009e+02 1.000000000000000000e+00
1.245322980762880434e+02 -1.570207999893909800e+01 0.000000000000000000e+00
2.572996988210538802e+02 -4.378581744459138463e+02 0.000000000000000000e+00
-7.807976740130822009e+02 2.543774604711820757e+02 0.000000000000000000e+00
4.032814661842483019e+02 -3.322586388008696758e+02 0.000000000000000000e+00
4.429832033872976353e+02 7.517666661513380859e+02 1.000000000000000000e+00
4.406614746821533117e+02 2.416240963784748601e+02 1.000000000000000000e+00
-5.949331337279215859e+02 -2.175652449692008759e+02 1.000000000000000000e+00
6.133235593087163124e+02 7.699599682854336606e+02 1.000000000000000000e+00
-7.919387057257347351e+01 4.611372000452427073e+02 0.000000000000000000e+00
4.197850043209250543e+02 -8.756875593465249494e+02 1.000000000000000000e+00
-8.805287732903179858e+02 1.082106120138737424e+02 1.000000000000000000e+00
3.055406879838340046e+02 -4.987927845377644189e+02 0.000000000000000000e+00
-9.915838162562209845e+02 2.893336948709363696e+02 1.000000000000000000e+00
-7.991030745846810532e+02 -7.506797636912779126e+01 1.000000000000000000e+00
7.278109673131846193e+02 -1.093475572137381278e+02 0.000000000000000000e+00
2.958083930744908230e+02 6.448457732142039731e+02 1.000000000000000000e+00
-5.479708714793575837e+02 8.932593244292922918e+02 1.000000000000000000e+00
1.256266467552909489e+02 9.040264061254417811e+02 1.000000000000000000e+00
3.379900199031019383e+02 -5.695496534359125462e+02 0.000000000000000000e+00
-6.238359053739568481e+02 8.891491537506306031e+02 1.000000000000000000e+00
-4.571374283931642140e+02 -6.785054469141084610e+02 1.000000000000000000e+00
1.477198719801542666e+02 3.814966307345684982e+00 0.000000000000000000e+00
4.718655694047490670e+02 -7.621333992531526746e+02 1.000000000000000000e+00
5.038833021270791050e+02 8.952294420905870993e+02 1.000000000000000000e+00
1.917454568372402264e+02 -7.510866952869312172e+02 1.000000000000000000e+00
-2.352960366444258398e+02 4.264385974598246776e+02 0.000000000000000000e+00
9.884806430061487390e+02 6.489589595605214072e+02 1.000000000000000000e+00
2.283016137620052177e+01 5.041986767536386651e+02 1.000000000000000000e+00
-9.668236899795339241e+02 -1.828216814405550394e+02 1.000000000000000000e+00
-5.944623318913529602e+02 -4.926060331501491873e+01 1.000000000000000000e+00
-9.266627959425426297e+02 8.759063501020013973e+02 1.000000000000000000e+00
-9.638737404719961432e+02 -1.005196553749811983e+02 1.000000000000000000e+00
-2.353834060263845913e+02 -9.289147068705563015e+02 1.000000000000000000e+00
9.957721629518837290e+02 -3.795325458253080342e+02 1.000000000000000000e+00
