5.911060146261929305e+01 9.317489218011199625e+01
3.010412589533056860e+01 6.731938626817223792e+01
3.424927474490920076e+01 6.840005292207085574e+01
6.900266143977711408e+01 4.024127773891284932e+01
6.396096112315051840e+01 4.989810518308559750e+01
2.343461136905090569e+01 4.726204694725277733e+01
2.669371074651909481e+01 1.807440500153117924e+01
2.642073345017749020e+01 1.976506539415951025e+01
8.538739065020580199e+01 7.612606239960440746e+01
7.533641230595931404e+01 4.352550667094825343e+01
1.597521247687639878e+01 9.367370063987156925e+01
6.500053177024952333e+01 1.659389031620792565e+01
7.293969756084089795e+01 9.663348526310970499e+01
3.900216553597351776e+01 5.154581205575910730e+01
6.518200763233086548e+01 8.599520953536699608e+01
7.462909943926131007e+01 5.525513467629271958e+01
8.613433202424324975e+01 8.828805125334351089e+01
4.781324151005361500e+01 9.101929081611532979e+01
9.161858799447725232e+01 8.710130990734921852e+01
3.573623929707751756e+01 6.277943919443473852e+00
5.302795813654146428e+01 1.188560026433632721e+01
3.326409645723201436e+01 8.630761454841415059e+01
9.741081309142251143e+01 2.479193339061565027e+01
6.653637104266396207e+00 6.408855372063003131e+01
8.139203624167950579e+01 6.223025086351988477e+01
6.166104279290895818e+01 1.991973852631157005e+00
1.911921210203090382e+01 1.644714806934810536e+00
6.342629197843911726e+01 3.973989147306630088e+01
7.956668246281560641e+01 5.200558490366138642e+01
5.072419265285685697e+01 7.741187302557605676e+01
3.709812567479525569e+01 8.250079365276548060e+01
7.728801045749032994e+01 8.582709467239746814e+00
6.697266782503369598e+01 4.825374120888085372e+01
3.913011633171875303e+01 7.220906307425730120e+01
5.490789727378999885e+01 3.279011602383445023e+01
3.930935945690199418e+01 4.131324759252871104e+01
3.253463407609602509e+00 1.301771274292089586e+01
1.187464649477172429e+01 4.118985451192542513e+01
4.201842773329148883e+01 1.311078210732981120e+01
5.818524524568713829e+00 3.659189637055397526e+01
6.444974968065542953e+01 2.984999473617063614e+01
6.909697931310256536e+01 9.617198194814484680e+01
6.050576348325797937e+00 6.335749221042963342e+00
8.471283588995163427e+01 6.534193247974414476e+01
9.340215287550385881e+01 8.675619177520411540e+01
6.301241545436987224e+01 4.342165851022308232e+01
3.074447906143462639e+00 1.587557714429259548e+01
9.710362583347017562e+01 7.725619512173527426e+01
9.694977313601104640e+01 5.048749830488580415e+01
3.738091468491957414e+01 8.022312537287294276e+01
