2.621060017289700284e+00 7.494853892862552414e+01 1.000000000000000000e+00
4.887505932352682692e+01 4.595413687966276584e+00 0.000000000000000000e+00
5.782366955528242158e+01 3.733303384021600380e+01 0.000000000000000000e+00
1.581663965062903898e+01 1.466824189356630370e+01 1.000000000000000000e+00
9.986732943075115543e+01 8.334608867112397945e+01 0.000000000000000000e+00
2.431846739997982709e+01 6.060619705088414833e+01 1.000000000000000000e+00
3.839220285586658576e+01 5.352706935404366817e+01 1.000000000000000000e+00
7.188521569913005749e+01 6.614480603081479160e+01 0.000000000000000000e+00
2.656836889127838219e+01 5.847083318970560839e+01 1.000000000000000000e+00
7.764816798226192418e+00 6.331936738387500441e+01 1.000000000000000000e+00
9.585826044183764338e+01 7.547537246632708730e+01 0.000000000000000000e+00
7.907088847153215738e+01 9.332602550457124835e+00 0.000000000000000000e+00
9.739830513429068048e+01 4.314937863050600697e+01 0.000000000000000000e+00
5.761856152197354675e+01 6.719634306929246748e+01 0.000000000000000000e+00
7.729568277557574163e+01 3.382231062923016651e+01 0.000000000000000000e+00
3.821836602838768471e+01 8.501290404169719750e+01 1.000000000000000000e+00
8.154668624609175254e+01 3.021206110131465650e+01 0.000000000000000000e+00
3.513977137132368256e+01 6.135041213941458693e+01 1.000000000000000000e+00
4.748065855497989673e+01 6.662361508650130304e+01 1.000000000000000000e+00
4.648824936942630437e+00 6.409170723809059211e+01 1.000000000000000000e+00
3.027024295731720471e+01 4.603673621963731932e+01 1.000000000000000000e+00
9.736706087800487808e+01 9.346342651731531248e+01 0.000000000000000000e+00
4.854275939962481345e+01 6.484287878777411152e+01 0.000000000000000000e+00
7.008202733323332723e+01 7.506047203431826631e+01 0.000000000000000000e+00
4.247411981382951751e+01 3.729056661103607695e+01 0.000000000000000000e+00
3.740481061305425925e+01 2.959637878971080838e+01 0.000000000000000000e+00
7.516037318504456266e+01 4.165243498577540038e+01 0.000000000000000000e+00
7.436037366349013134e+00 5.761514067666151817e+00 1.000000000000000000e+00
9.764498678429937684e+01 1.672461676281482568e+01 0.000000000000000000e+00
4.665279807104280252e+01 4.387063203056990091e+01 0.000000000000000000e+00
7.555478669155208138e+01 5.820163217680050138e+01 0.000000000000000000e+00
2.189393507351616819e+01 2.932307152970998843e+01 1.000000000000000000e+00
3.847606389952964179e+01 6.622089336481590749e+01 1.000000000000000000e+00
2.285211427290355601e+01 9.078313664752033674e+01 1.000000000000000000e+00
5.137872839781137202e+01 5.688903894658553639e+01 0.000000000000000000e+00
5.905290769555494279e+01 5.425309642481105499e+01 0.000000000000000000e+00
7.465729221310127173e+01 9.016857181113971365e+01 0.000000000000000000e+00
3.827395650692730555e+01 1.309961131296096859e+01 0.000000000000000000e+00
6.252182165551732851e+01 9.419530412447484480e+01 0.000000000000000000e+00
6.275213857685311325e+01 6.126028106677328111e+00 0.000000000000000000e+00
8.817842938802467501e+00 3.787438598773550069e+01 1.000000000000000000e+00
3.046852565966966608e+01 8.253728406539968887e+01 1.000000000000000000e+00
8.945047726730592785e+00 5.318082334987311555e+01 1.000000000000000000e+00
7.524302217927109382e+01 9.451333570544765905e+01 0.000000000000000000e+00
8.148975396565036533e+01 5.046057454355541694e+01 0.000000000000000000e+00
1.439679979011721045e+01 1.146274638491495690e+00 1.000000000000000000e+00
3.467168362259373282e+01 8.405567804271967702e+01 1.000000000000000000e+00
9.522056023654922541e+00 9.874406143480473474e+01 1.000000000000000000e+00
1.792074255128331828e+01 7.643086758879713116e+00 1.000000000000000000e+00
7.340613744671851748e+01 8.623455466694058202e+01 0.000000000000000000e+00
1.391835936950249675e+01 7.025719033925244617e+01 1.000000000000000000e+00
8.427697543192142859e+01 3.166091741846636154e+01 0.000000000000000000e+00
6.342391772452592136e+01 8.049820299361162768e+01 0.000000000000000000e+00
7.423503329103182580e+01 6.016306065639368228e+01 0.000000000000000000e+00
1.211032699366422172e+01 2.493469474818129683e+01 1.000000000000000000e+00
2.841065512950824434e-01 7.805953444798402074e+01 1.000000000000000000e+00
3.525440774000160360e+01 1.030453780130624608e+01 0.000000000000000000e+00
2.739980591069652860e+01 4.988934655113499161e+01 1.000000000000000000e+00
5.834255055042326887e+01 6.730957558882512615e+01 0.000000000000000000e+00
8.578385271140039947e+01 4.036626772940529406e+01 0.000000000000000000e+00
3.019037545796687816e+00 3.681200874464786921e+01 1.000000000000000000e+00
2.795210647213550814e+01 9.201102306011540577e+01 1.000000000000000000e+00
3.286766484777525754e+00 4.425490631886811599e+01 1.000000000000000000e+00
1.925807724339000515e+01 2.497858779517170280e+00 0.000000000000000000e+00
3.536320280929798088e+01 4.323552198128081159e+01 1.000000000000000000e+00
6.026858047075565850e+01 8.815532237948272609e+01 0.000000000000000000e+00
2.893002883808038916e+01 3.852087338178735365e+01 1.000000000000000000e+00
4.125740754170153224e+01 3.838080900117336824e+01 0.000000000000000000e+00
9.191856661277773810e+01 3.361561814834244188e+01 0.000000000000000000e+00
5.535851824831805601e+00 1.792619773779448167e+01 1.000000000000000000e+00
7.481228571419440421e+00 6.685839498616786614e+01 1.000000000000000000e+00
1.169439392279768519e+01 4.029003944170246143e+01 1.000000000000000000e+00
7.217911270955590908e+01 6.792040771185025960e+01 0.000000000000000000e+00
8.790716514700584128e+01 9.870632240694247628e+01 0.000000000000000000e+00
1.569438297727755405e+01 5.855319544123906184e+01 1.000000000000000000e+00
1.598421674118233327e+01 9.625834088545367706e+01 1.000000000000000000e+00
4.799850792117844378e+01 6.436814596530246035e+01 0.000000000000000000e+00
9.811893807705240889e+00 1.153375281452213486e+01 1.000000000000000000e+00
2.017972939605643390e+01 5.874380319918715010e-01 0.000000000000000000e+00
4.030081322818583089e+01 7.230847140609516543e+01 1.000000000000000000e+00
9.035222244217622745e+01 8.230987287227269178e+01 0.000000000000000000e+00
4.174136877203126517e+01 5.283281939889178602e+01 0.000000000000000000e+00
7.591344372049590561e+00 7.091900533423198283e+01 1.000000000000000000e+00
9.999132938437671925e+00 8.260720899917120619e+01 1.000000000000000000e+00
3.640076796937005099e+01 5.420506317118346828e+01 1.000000000000000000e+00
7.350965248341334757e+01 6.718952887455508005e+01 0.000000000000000000e+00
4.593966061041935234e+01 4.501738547283780889e+01 0.000000000000000000e+00
7.024080065974534648e+01 6.979068366012880631e+01 0.000000000000000000e+00
2.968830513920828196e-02 2.184051400635124196e+01 1.000000000000000000e+00
2.058588360000263151e+01 3.652519470489173870e+01 1.000000000000000000e+00
3.916609698278124085e+01 5.778248684617049946e+01 1.000000000000000000e+00
3.608328120773477110e+01 8.856380172378428028e+01 1.000000000000000000e+00
1.379225070707557066e+00 1.926650618532564962e+01 1.000000000000000000e+00
9.589464563990455304e+01 7.483045578429560862e+01 0.000000000000000000e+00
4.170097025376984234e+00 4.005465467357737452e+01 1.000000000000000000e+00
9.987017900838630169e+01 1.220268126175182388e+01 0.000000000000000000e+00
5.096929338204672888e+01 4.411410815059524282e+01 0.000000000000000000e+00
5.207474146542702442e+01 7.715066868577058479e+00 0.000000000000000000e+00
2.596867507143774034e+01 7.334884813254213043e+01 1.000000000000000000e+00
6.197995808225898884e+01 5.915830510741637482e+01 0.000000000000000000e+00
